0, 9.340000, 0.000000, 100, 0.357215 
1, 109.170000, 0.768160, 200, 19.083251 
0, 9.340000, 0.000000, 100, 0.358338 
1, 109.170000, 0.768160, 200, 20.394661 
2, 252.670000, 0.786837, 503, 89.126867 
0, 9.340000, 0.000000, 100, 0.372600 
0, 9.340000, 0.000000, 100, 0.362666 
0, 13.340000, 0.000000, 100, 3.995806 
0, 13.340000, 0.000000, 100, 3.733612 
1, 109.520000, 0.819600, 200, 357.569065 
2, 415.050000, 0.859329, 301, 1315.573155 
3, 415.050000, 0.859893, 403, 3546.994086 
0, 13.340000, 0.000000, 0, 5.328596 
0, 13.340000, 0.000000, 0, 5.784512 
0, 13.340000, 0.000000, 0, 5.934273 
0, 13.340000, 0.000000, 0, 5.955778 
1, 240.180000, 0.730480, 0, 286.828845 
1, 109.520000, 0.819600, 0, 626.693803 
2, 415.050000, 0.859329, 1, 2011.678942 
3, 415.050000, 0.859889, 2, 3560.600093 
0, 15.860000, 0.000000, 0, 4.193993 
1, 191.730000, 0.821520, 0, 218.039317 
2, 197.960000, 0.820392, 1, 795.523090 
3, 203.880000, 0.830933, 3, 3568.397165 
