0, -594.897797, 0.000000, 200, 2.119078 
0, -594.897797, 0.000000, 200, 2.311930 
0, -594.897797, 0.000000, 200, 2.267529 
0, -594.897797, 0.000000, 200, 1.924151 
0, -594.897797, 0.000000, 200, 1.867403 
0, -594.897797, 0.000000, 200, 1.922230 
0, -594.897797, 0.000000, 200, 2.192446 
0, -594.897797, 0.000000, 200, 2.075821 
0, -594.897797, 0.000000, 200, 1.887874 
0, -594.897797, 0.000000, 200, 1.857818 
0, -594.897797, 0.000000, 200, 1.858020 
0, -594.897797, 0.000000, 200, 1.956822 
0, -594.897797, 0.000000, 200, 1.993047 
