0, -801.941036, 0.000000, 100, 8.768359 
1, -449.448230, 0.599574, 200, 728.056481 
2, -422.076607, 0.586910, 604, 3340.194284 
3, -403.339037, 0.570459, 705, 4154.870044 
4, -382.713444, 0.567247, 806, 4695.220138 
5, -365.585983, 0.562018, 907, 5446.843221 
0, -588.400510, 0.000000, 100, 1.276155 
1, -398.444666, 0.503757, 301, 40.503124 
2, -309.618334, 0.488844, 604, 116.723882 
0, -588.400510, 0.000000, 100, 1.263167 
1, -570.886110, 0.246525, 1412, 236.185608 
2, -149.990173, 0.276749, 1614, 270.477405 
0, -588.400510, 0.000000, 100, 1.305477 
1, -469.342898, 0.376209, 450, 73.466185 
2, -373.079528, 0.473911, 1200, 286.853556 
3, -248.554448, 0.530734, 1450, 408.806031 
4, -121.285338, 0.609486, 1575, 459.799795 
5, -119.072636, 0.552150, 3450, 1338.666970 
6, -118.869509, 0.441429, 6200, 3212.260940 
7, -118.869509, 0.465131, 8475, 7140.175249 
